***********************************************


A[2.0000567, 2.0000567, 1.5000426, 1, 0, 0, 0, 0, 4.1313233, 4.1313233, 3.0984924, 2.065603;
 0, 0, 0, 0, 2.0000567, 2.0000567, 1.5000426, 1, 1.417863, 1.417863, 1.0633973, 0.70891142;
 2.0000567, -1.5000426, 1.5000426, 1, 0, 0, 0, 0, 1.016362, -0.76227146, 0.76227146, 0.50816655;
 0, 0, 0, 0, 2.0000567, -1.5000426, 1.5000426, 1, 4.4133868, -3.31004, 3.31004, 2.2066307;
 -1.5000426, -1.5000426, 1.5000426, 1, 0, 0, 0, 0, 0.41642606, 0.41642606, -0.41642606, -0.2776095;
 0, 0, 0, 0, -1.5000426, -1.5000426, 1.5000426, 1, 0.49361154, 0.49361154, -0.49361154, -0.32906502;
 -1.5000426, 2.0000567, 1.5000426, 1, 0, 0, 0, 0, -2.470324, 3.2937655, 2.470324, 1.646836;
 0, 0, 0, 0, -1.5000426, 2.0000567, 1.5000426, 1, 2.5909522, -3.4546027, -2.5909522, -1.7272524;
 2.0000567, -1.5000426, -2.0000567, 1, 0, 0, 0, 0, -2.6914771, 2.0186079, 2.6914771, -1.3457004;
 0, 0, 0, 0, 2.0000567, -1.5000426, -2.0000567, 1, 2.9345839, -2.200938, -2.9345839, 1.4672503;
 -1.5000426, -1.5000426, -2.0000567, 1, 0, 0, 0, 0, 3.2114213, 3.2114213, 4.2818952, -2.1408868;
 0, 0, 0, 0, -1.5000426, -1.5000426, -2.0000567, 1, 0.92729884, 0.92729884, 1.2363985, -0.61818171;
 -1.5000426, 2.0000567, -2.0000567, 1, 0, 0, 0, 0, 0.68463272, -0.91284364, 0.91284364, -0.45640886;
 0, 0, 0, 0, -1.5000426, 2.0000567, -2.0000567, 1, 2.5625136, -3.4166849, 3.4166849, -1.7082939]


K: [1983.2302, 54.748596, 1302.0553;
 0, 2004.8774, 733.49597;
 0, 0, 1]


***************